(kicad_pcb (version 4) (host pcbnew 4.0.7)

  (general
    (links 208)
    (no_connects 0)
    (area 86.385 64.215 208.611429 145.885)
    (thickness 1.6)
    (drawings 50)
    (tracks 828)
    (zones 0)
    (modules 103)
    (nets 74)
  )

  (page A4)
  (layers
    (0 F.Cu signal)
    (31 B.Cu signal)
    (32 B.Adhes user)
    (33 F.Adhes user)
    (34 B.Paste user)
    (35 F.Paste user)
    (36 B.SilkS user)
    (37 F.SilkS user)
    (38 B.Mask user)
    (39 F.Mask user)
    (40 Dwgs.User user)
    (41 Cmts.User user)
    (42 Eco1.User user)
    (43 Eco2.User user)
    (44 Edge.Cuts user)
    (45 Margin user)
    (46 B.CrtYd user)
    (47 F.CrtYd user)
    (48 B.Fab user)
    (49 F.Fab user)
  )

  (setup
    (last_trace_width 0.25)
    (user_trace_width 0.5)
    (user_trace_width 1.5)
    (user_trace_width 2)
    (trace_clearance 0.2)
    (zone_clearance 0.508)
    (zone_45_only yes)
    (trace_min 0.2)
    (segment_width 0.2)
    (edge_width 0.1)
    (via_size 0.6)
    (via_drill 0.4)
    (via_min_size 0.4)
    (via_min_drill 0.3)
    (uvia_size 0.3)
    (uvia_drill 0.1)
    (uvias_allowed no)
    (uvia_min_size 0.2)
    (uvia_min_drill 0.1)
    (pcb_text_width 0.3)
    (pcb_text_size 1.5 1.5)
    (mod_edge_width 0.15)
    (mod_text_size 1 1)
    (mod_text_width 0.15)
    (pad_size 1.5 1.5)
    (pad_drill 0.6)
    (pad_to_mask_clearance 0)
    (aux_axis_origin 0 0)
    (grid_origin 148 105)
    (visible_elements 7FFFFF7F)
    (pcbplotparams
      (layerselection 0x010f0_80000001)
      (usegerberextensions true)
      (excludeedgelayer true)
      (linewidth 0.100000)
      (plotframeref false)
      (viasonmask false)
      (mode 1)
      (useauxorigin false)
      (hpglpennumber 1)
      (hpglpenspeed 20)
      (hpglpendiameter 15)
      (hpglpenoverlay 2)
      (psnegative false)
      (psa4output false)
      (plotreference true)
      (plotvalue false)
      (plotinvisibletext false)
      (padsonsilk false)
      (subtractmaskfromsilk false)
      (outputformat 1)
      (mirror false)
      (drillshape 0)
      (scaleselection 1)
      (outputdirectory gerber/))
  )

  (net 0 "")
  (net 1 "Net-(C201-Pad1)")
  (net 2 /GND)
  (net 3 /+5V)
  (net 4 /+3.3V)
  (net 5 /+15V)
  (net 6 /GP2_1_Signal)
  (net 7 /GP2_2_Signal)
  (net 8 /GP2_3_Signal)
  (net 9 /GP2_4_Signal)
  (net 10 /GP2_5_Signal)
  (net 11 /GP2_6_Signal)
  (net 12 /LimitSwitch_1_Signal)
  (net 13 /LimitSwitch_2_Signal)
  (net 14 /LimitSwitch_3_Signal)
  (net 15 /LimitSwitch_4_Signal)
  (net 16 /PullSignal)
  (net 17 /DIAG_1)
  (net 18 /IN_A_1)
  (net 19 /IN_B_1)
  (net 20 /PWM_1)
  (net 21 /Driver/CS_1)
  (net 22 "Net-(Carrier501-Pad6)")
  (net 23 "Net-(Carrier501-Pad10)")
  (net 24 /DIAG_2)
  (net 25 /IN_A_2)
  (net 26 /IN_B_2)
  (net 27 /PWM_2)
  (net 28 /Driver/CS_2)
  (net 29 "Net-(D101-Pad2)")
  (net 30 "Net-(D102-Pad2)")
  (net 31 "Net-(D103-Pad2)")
  (net 32 "Net-(D201-Pad2)")
  (net 33 "Net-(D202-Pad2)")
  (net 34 "Net-(F201-Pad1)")
  (net 35 "Net-(F202-Pad1)")
  (net 36 /UART0_TX)
  (net 37 /UART0_RX)
  (net 38 /UART1_TX)
  (net 39 /UART1_RX)
  (net 40 /SCL)
  (net 41 /SDA)
  (net 42 "Net-(P401-Pad1)")
  (net 43 "Net-(P401-Pad3)")
  (net 44 "Net-(P601-Pad3)")
  (net 45 "Net-(P601-Pad4)")
  (net 46 "Net-(P701-Pad3)")
  (net 47 "Net-(P701-Pad4)")
  (net 48 "Net-(P801-Pad1)")
  (net 49 "Net-(P901-Pad1)")
  (net 50 "Net-(P1001-Pad1)")
  (net 51 "Net-(P1101-Pad1)")
  (net 52 "Net-(P1201-Pad1)")
  (net 53 "Net-(P1301-Pad1)")
  (net 54 "Net-(P1401-Pad2)")
  (net 55 "Net-(P1501-Pad2)")
  (net 56 "Net-(P1601-Pad2)")
  (net 57 "Net-(P1701-Pad2)")
  (net 58 "Net-(P1801-Pad2)")
  (net 59 /LED_Debug0)
  (net 60 /LED_Debug1)
  (net 61 /LED_Debug2)
  (net 62 /ENC_1_B)
  (net 63 /ENC_1_A)
  (net 64 /ENC_2_B)
  (net 65 /ENC_2_A)
  (net 66 /CAN_RX)
  (net 67 /CAN_TX)
  (net 68 "Net-(U101-Pad38)")
  (net 69 "Net-(U101-Pad39)")
  (net 70 "Net-(U101-Pad50)")
  (net 71 "Net-(U101-Pad51)")
  (net 72 "Net-(U401-Pad5)")
  (net 73 "Net-(U401-Pad8)")

  (net_class Default "This is the default net class."
    (clearance 0.2)
    (trace_width 0.25)
    (via_dia 0.6)
    (via_drill 0.4)
    (uvia_dia 0.3)
    (uvia_drill 0.1)
    (add_net /+15V)
    (add_net /+3.3V)
    (add_net /+5V)
    (add_net /CAN_RX)
    (add_net /CAN_TX)
    (add_net /DIAG_1)
    (add_net /DIAG_2)
    (add_net /Driver/CS_1)
    (add_net /Driver/CS_2)
    (add_net /ENC_1_A)
    (add_net /ENC_1_B)
    (add_net /ENC_2_A)
    (add_net /ENC_2_B)
    (add_net /GND)
    (add_net /GP2_1_Signal)
    (add_net /GP2_2_Signal)
    (add_net /GP2_3_Signal)
    (add_net /GP2_4_Signal)
    (add_net /GP2_5_Signal)
    (add_net /GP2_6_Signal)
    (add_net /IN_A_1)
    (add_net /IN_A_2)
    (add_net /IN_B_1)
    (add_net /IN_B_2)
    (add_net /LED_Debug0)
    (add_net /LED_Debug1)
    (add_net /LED_Debug2)
    (add_net /LimitSwitch_1_Signal)
    (add_net /LimitSwitch_2_Signal)
    (add_net /LimitSwitch_3_Signal)
    (add_net /LimitSwitch_4_Signal)
    (add_net /PWM_1)
    (add_net /PWM_2)
    (add_net /PullSignal)
    (add_net /SCL)
    (add_net /SDA)
    (add_net /UART0_RX)
    (add_net /UART0_TX)
    (add_net /UART1_RX)
    (add_net /UART1_TX)
    (add_net "Net-(C201-Pad1)")
    (add_net "Net-(Carrier501-Pad10)")
    (add_net "Net-(Carrier501-Pad6)")
    (add_net "Net-(D101-Pad2)")
    (add_net "Net-(D102-Pad2)")
    (add_net "Net-(D103-Pad2)")
    (add_net "Net-(D201-Pad2)")
    (add_net "Net-(D202-Pad2)")
    (add_net "Net-(F201-Pad1)")
    (add_net "Net-(F202-Pad1)")
    (add_net "Net-(P1001-Pad1)")
    (add_net "Net-(P1101-Pad1)")
    (add_net "Net-(P1201-Pad1)")
    (add_net "Net-(P1301-Pad1)")
    (add_net "Net-(P1401-Pad2)")
    (add_net "Net-(P1501-Pad2)")
    (add_net "Net-(P1601-Pad2)")
    (add_net "Net-(P1701-Pad2)")
    (add_net "Net-(P1801-Pad2)")
    (add_net "Net-(P401-Pad1)")
    (add_net "Net-(P401-Pad3)")
    (add_net "Net-(P601-Pad3)")
    (add_net "Net-(P601-Pad4)")
    (add_net "Net-(P701-Pad3)")
    (add_net "Net-(P701-Pad4)")
    (add_net "Net-(P801-Pad1)")
    (add_net "Net-(P901-Pad1)")
    (add_net "Net-(U101-Pad38)")
    (add_net "Net-(U101-Pad39)")
    (add_net "Net-(U101-Pad50)")
    (add_net "Net-(U101-Pad51)")
    (add_net "Net-(U401-Pad5)")
    (add_net "Net-(U401-Pad8)")
  )

  (module xenocad.misc:M3_Screw (layer F.Cu) (tedit 5A5E7310) (tstamp 5A7F2A2B)
    (at 203.88 140.56)
    (fp_text reference REF** (at 0 4.25) (layer F.SilkS) hide
      (effects (font (size 1 1) (thickness 0.15)))
    )
    (fp_text value M3_Screw (at 0 -4.25) (layer F.Fab) hide
      (effects (font (size 1 1) (thickness 0.15)))
    )
    (fp_circle (center 0 0) (end 3.5 0) (layer F.SilkS) (width 0.15))
    (pad "" thru_hole circle (at 0 0) (size 3.5 3.5) (drill 3.175) (layers *.Cu *.Mask))
  )

  (module xenocad.connectors:Hirose_DF22-03P-7.92DS_03x7.92mm_Angled (layer F.Cu) (tedit 5A499538) (tstamp 5A7F07B4)
    (at 107.36 108.81 90)
    (path /59FBA92A/55E7E313)
    (fp_text reference P202 (at 0 7 90) (layer F.SilkS)
      (effects (font (size 1 1) (thickness 0.15)))
    )
    (fp_text value Power_IO (at 0 -20 90) (layer F.Fab) hide
      (effects (font (size 1 1) (thickness 0.15)))
    )
    (fp_line (start 13.86 -18.7) (end 13.86 5.3) (layer F.SilkS) (width 0.15))
    (fp_line (start -13.86 5.3) (end 13.86 5.3) (layer F.SilkS) (width 0.15))
    (fp_line (start -13.86 -18.7) (end -13.86 5.3) (layer F.SilkS) (width 0.15))
    (fp_line (start -13.86 -18.7) (end 13.86 -18.7) (layer F.SilkS) (width 0.15))
    (pad 2 thru_hole circle (at 0 0 90) (size 4 4) (drill 1.5) (layers *.Cu *.Mask)
      (net 2 /GND))
    (pad 1 thru_hole circle (at -7.92 0 90) (size 4 4) (drill 1.5) (layers *.Cu *.Mask)
      (net 35 "Net-(F202-Pad1)"))
    (pad 3 thru_hole circle (at 7.92 0 90) (size 4 4) (drill 1.5) (layers *.Cu *.Mask)
      (net 34 "Net-(F201-Pad1)"))
    (pad "" thru_hole circle (at -11.46 -15.2 90) (size 2 2) (drill 1.6) (layers *.Cu *.Mask))
    (pad "" thru_hole circle (at 11.46 -15.2 90) (size 2 2) (drill 1.6) (layers *.Cu *.Mask))
  )

  (module Capacitors_SMD:C_1206_HandSoldering (layer B.Cu) (tedit 5A7F1AD3) (tstamp 5A7F0516)
    (at 94.025 136.75)
    (descr "Capacitor SMD 1206, hand soldering")
    (tags "capacitor 1206")
    (path /59FBA92A/59FF296D)
    (attr smd)
    (fp_text reference C201 (at 1.905 -6.985) (layer B.SilkS)
      (effects (font (size 1 1) (thickness 0.15)) (justify mirror))
    )
    (fp_text value 10µF (at 0 -2) (layer B.Fab) hide
      (effects (font (size 1 1) (thickness 0.15)) (justify mirror))
    )
    (fp_text user %R (at 0 1.75) (layer B.Fab) hide
      (effects (font (size 1 1) (thickness 0.15)) (justify mirror))
    )
    (fp_line (start -1.6 -0.8) (end -1.6 0.8) (layer B.Fab) (width 0.1))
    (fp_line (start 1.6 -0.8) (end -1.6 -0.8) (layer B.Fab) (width 0.1))
    (fp_line (start 1.6 0.8) (end 1.6 -0.8) (layer B.Fab) (width 0.1))
    (fp_line (start -1.6 0.8) (end 1.6 0.8) (layer B.Fab) (width 0.1))
    (fp_line (start 1 1.02) (end -1 1.02) (layer B.SilkS) (width 0.12))
    (fp_line (start -1 -1.02) (end 1 -1.02) (layer B.SilkS) (width 0.12))
    (fp_line (start -3.25 1.05) (end 3.25 1.05) (layer B.CrtYd) (width 0.05))
    (fp_line (start -3.25 1.05) (end -3.25 -1.05) (layer B.CrtYd) (width 0.05))
    (fp_line (start 3.25 -1.05) (end 3.25 1.05) (layer B.CrtYd) (width 0.05))
    (fp_line (start 3.25 -1.05) (end -3.25 -1.05) (layer B.CrtYd) (width 0.05))
    (pad 1 smd rect (at -2 0) (size 2 1.6) (layers B.Cu B.Paste B.Mask)
      (net 1 "Net-(C201-Pad1)"))
    (pad 2 smd rect (at 2 0) (size 2 1.6) (layers B.Cu B.Paste B.Mask)
      (net 2 /GND))
    (model Capacitors_SMD.3dshapes/C_1206.wrl
      (at (xyz 0 0 0))
      (scale (xyz 1 1 1))
      (rotate (xyz 0 0 0))
    )
  )

  (module Capacitors_SMD:C_1206_HandSoldering (layer B.Cu) (tedit 5A7F1AD5) (tstamp 5A7F0527)
    (at 94.025 134.21)
    (descr "Capacitor SMD 1206, hand soldering")
    (tags "capacitor 1206")
    (path /59FBA92A/59FBAE48)
    (attr smd)
    (fp_text reference C202 (at 1.905 -5.715) (layer B.SilkS)
      (effects (font (size 1 1) (thickness 0.15)) (justify mirror))
    )
    (fp_text value 100nF (at 0 -2) (layer B.Fab) hide
      (effects (font (size 1 1) (thickness 0.15)) (justify mirror))
    )
    (fp_text user %R (at 0 1.75) (layer B.Fab) hide
      (effects (font (size 1 1) (thickness 0.15)) (justify mirror))
    )
    (fp_line (start -1.6 -0.8) (end -1.6 0.8) (layer B.Fab) (width 0.1))
    (fp_line (start 1.6 -0.8) (end -1.6 -0.8) (layer B.Fab) (width 0.1))
    (fp_line (start 1.6 0.8) (end 1.6 -0.8) (layer B.Fab) (width 0.1))
    (fp_line (start -1.6 0.8) (end 1.6 0.8) (layer B.Fab) (width 0.1))
    (fp_line (start 1 1.02) (end -1 1.02) (layer B.SilkS) (width 0.12))
    (fp_line (start -1 -1.02) (end 1 -1.02) (layer B.SilkS) (width 0.12))
    (fp_line (start -3.25 1.05) (end 3.25 1.05) (layer B.CrtYd) (width 0.05))
    (fp_line (start -3.25 1.05) (end -3.25 -1.05) (layer B.CrtYd) (width 0.05))
    (fp_line (start 3.25 -1.05) (end 3.25 1.05) (layer B.CrtYd) (width 0.05))
    (fp_line (start 3.25 -1.05) (end -3.25 -1.05) (layer B.CrtYd) (width 0.05))
    (pad 1 smd rect (at -2 0) (size 2 1.6) (layers B.Cu B.Paste B.Mask)
      (net 1 "Net-(C201-Pad1)"))
    (pad 2 smd rect (at 2 0) (size 2 1.6) (layers B.Cu B.Paste B.Mask)
      (net 2 /GND))
    (model Capacitors_SMD.3dshapes/C_1206.wrl
      (at (xyz 0 0 0))
      (scale (xyz 1 1 1))
      (rotate (xyz 0 0 0))
    )
  )

  (module Capacitors_SMD:C_1206_HandSoldering (layer B.Cu) (tedit 5A7F1AD7) (tstamp 5A7F0538)
    (at 94.025 131.67)
    (descr "Capacitor SMD 1206, hand soldering")
    (tags "capacitor 1206")
    (path /59FBA92A/5A3EA598)
    (attr smd)
    (fp_text reference C203 (at 1.905 -4.445) (layer B.SilkS)
      (effects (font (size 1 1) (thickness 0.15)) (justify mirror))
    )
    (fp_text value 100nF (at 0 -2) (layer B.Fab) hide
      (effects (font (size 1 1) (thickness 0.15)) (justify mirror))
    )
    (fp_text user %R (at 0 1.75) (layer B.Fab) hide
      (effects (font (size 1 1) (thickness 0.15)) (justify mirror))
    )
    (fp_line (start -1.6 -0.8) (end -1.6 0.8) (layer B.Fab) (width 0.1))
    (fp_line (start 1.6 -0.8) (end -1.6 -0.8) (layer B.Fab) (width 0.1))
    (fp_line (start 1.6 0.8) (end 1.6 -0.8) (layer B.Fab) (width 0.1))
    (fp_line (start -1.6 0.8) (end 1.6 0.8) (layer B.Fab) (width 0.1))
    (fp_line (start 1 1.02) (end -1 1.02) (layer B.SilkS) (width 0.12))
    (fp_line (start -1 -1.02) (end 1 -1.02) (layer B.SilkS) (width 0.12))
    (fp_line (start -3.25 1.05) (end 3.25 1.05) (layer B.CrtYd) (width 0.05))
    (fp_line (start -3.25 1.05) (end -3.25 -1.05) (layer B.CrtYd) (width 0.05))
    (fp_line (start 3.25 -1.05) (end 3.25 1.05) (layer B.CrtYd) (width 0.05))
    (fp_line (start 3.25 -1.05) (end -3.25 -1.05) (layer B.CrtYd) (width 0.05))
    (pad 1 smd rect (at -2 0) (size 2 1.6) (layers B.Cu B.Paste B.Mask)
      (net 1 "Net-(C201-Pad1)"))
    (pad 2 smd rect (at 2 0) (size 2 1.6) (layers B.Cu B.Paste B.Mask)
      (net 2 /GND))
    (model Capacitors_SMD.3dshapes/C_1206.wrl
      (at (xyz 0 0 0))
      (scale (xyz 1 1 1))
      (rotate (xyz 0 0 0))
    )
  )

  (module Capacitors_SMD:C_1206_HandSoldering (layer B.Cu) (tedit 5A7F1ADE) (tstamp 5A7F0549)
    (at 101.01 136.75 180)
    (descr "Capacitor SMD 1206, hand soldering")
    (tags "capacitor 1206")
    (path /59FBA92A/59FF29CD)
    (attr smd)
    (fp_text reference C204 (at -1.27 4.445 180) (layer B.SilkS)
      (effects (font (size 1 1) (thickness 0.15)) (justify mirror))
    )
    (fp_text value 1µF (at 0 -2 180) (layer B.Fab) hide
      (effects (font (size 1 1) (thickness 0.15)) (justify mirror))
    )
    (fp_text user %R (at 0 1.75 180) (layer B.Fab) hide
      (effects (font (size 1 1) (thickness 0.15)) (justify mirror))
    )
    (fp_line (start -1.6 -0.8) (end -1.6 0.8) (layer B.Fab) (width 0.1))
    (fp_line (start 1.6 -0.8) (end -1.6 -0.8) (layer B.Fab) (width 0.1))
    (fp_line (start 1.6 0.8) (end 1.6 -0.8) (layer B.Fab) (width 0.1))
    (fp_line (start -1.6 0.8) (end 1.6 0.8) (layer B.Fab) (width 0.1))
    (fp_line (start 1 1.02) (end -1 1.02) (layer B.SilkS) (width 0.12))
    (fp_line (start -1 -1.02) (end 1 -1.02) (layer B.SilkS) (width 0.12))
    (fp_line (start -3.25 1.05) (end 3.25 1.05) (layer B.CrtYd) (width 0.05))
    (fp_line (start -3.25 1.05) (end -3.25 -1.05) (layer B.CrtYd) (width 0.05))
    (fp_line (start 3.25 -1.05) (end 3.25 1.05) (layer B.CrtYd) (width 0.05))
    (fp_line (start 3.25 -1.05) (end -3.25 -1.05) (layer B.CrtYd) (width 0.05))
    (pad 1 smd rect (at -2 0 180) (size 2 1.6) (layers B.Cu B.Paste B.Mask)
      (net 3 /+5V))
    (pad 2 smd rect (at 2 0 180) (size 2 1.6) (layers B.Cu B.Paste B.Mask)
      (net 2 /GND))
    (model Capacitors_SMD.3dshapes/C_1206.wrl
      (at (xyz 0 0 0))
      (scale (xyz 1 1 1))
      (rotate (xyz 0 0 0))
    )
  )

  (module Capacitors_SMD:C_1206_HandSoldering (layer B.Cu) (tedit 5A7F1AE1) (tstamp 5A7F055A)
    (at 101.01 134.21 180)
    (descr "Capacitor SMD 1206, hand soldering")
    (tags "capacitor 1206")
    (path /59FBA92A/59FBAF9E)
    (attr smd)
    (fp_text reference C205 (at -1.27 3.175 180) (layer B.SilkS)
      (effects (font (size 1 1) (thickness 0.15)) (justify mirror))
    )
    (fp_text value 100nF (at 0 -2 180) (layer B.Fab) hide
      (effects (font (size 1 1) (thickness 0.15)) (justify mirror))
    )
    (fp_text user %R (at 0 1.75 180) (layer B.Fab) hide
      (effects (font (size 1 1) (thickness 0.15)) (justify mirror))
    )
    (fp_line (start -1.6 -0.8) (end -1.6 0.8) (layer B.Fab) (width 0.1))
    (fp_line (start 1.6 -0.8) (end -1.6 -0.8) (layer B.Fab) (width 0.1))
    (fp_line (start 1.6 0.8) (end 1.6 -0.8) (layer B.Fab) (width 0.1))
    (fp_line (start -1.6 0.8) (end 1.6 0.8) (layer B.Fab) (width 0.1))
    (fp_line (start 1 1.02) (end -1 1.02) (layer B.SilkS) (width 0.12))
    (fp_line (start -1 -1.02) (end 1 -1.02) (layer B.SilkS) (width 0.12))
    (fp_line (start -3.25 1.05) (end 3.25 1.05) (layer B.CrtYd) (width 0.05))
    (fp_line (start -3.25 1.05) (end -3.25 -1.05) (layer B.CrtYd) (width 0.05))
    (fp_line (start 3.25 -1.05) (end 3.25 1.05) (layer B.CrtYd) (width 0.05))
    (fp_line (start 3.25 -1.05) (end -3.25 -1.05) (layer B.CrtYd) (width 0.05))
    (pad 1 smd rect (at -2 0 180) (size 2 1.6) (layers B.Cu B.Paste B.Mask)
      (net 3 /+5V))
    (pad 2 smd rect (at 2 0 180) (size 2 1.6) (layers B.Cu B.Paste B.Mask)
      (net 2 /GND))
    (model Capacitors_SMD.3dshapes/C_1206.wrl
      (at (xyz 0 0 0))
      (scale (xyz 1 1 1))
      (rotate (xyz 0 0 0))
    )
  )

  (module Capacitors_SMD:C_1206_HandSoldering (layer F.Cu) (tedit 5A7F1CCB) (tstamp 5A7F056B)
    (at 153.08 77.06 90)
    (descr "Capacitor SMD 1206, hand soldering")
    (tags "capacitor 1206")
    (path /5A0033C9/5A003774)
    (attr smd)
    (fp_text reference C401 (at 0 -1.75 90) (layer F.SilkS)
      (effects (font (size 1 1) (thickness 0.15)))
    )
    (fp_text value 100nF (at 0 2 90) (layer F.Fab) hide
      (effects (font (size 1 1) (thickness 0.15)))
    )
    (fp_text user %R (at 0 -1.75 90) (layer F.Fab) hide
      (effects (font (size 1 1) (thickness 0.15)))
    )
    (fp_line (start -1.6 0.8) (end -1.6 -0.8) (layer F.Fab) (width 0.1))
    (fp_line (start 1.6 0.8) (end -1.6 0.8) (layer F.Fab) (width 0.1))
    (fp_line (start 1.6 -0.8) (end 1.6 0.8) (layer F.Fab) (width 0.1))
    (fp_line (start -1.6 -0.8) (end 1.6 -0.8) (layer F.Fab) (width 0.1))
    (fp_line (start 1 -1.02) (end -1 -1.02) (layer F.SilkS) (width 0.12))
    (fp_line (start -1 1.02) (end 1 1.02) (layer F.SilkS) (width 0.12))
    (fp_line (start -3.25 -1.05) (end 3.25 -1.05) (layer F.CrtYd) (width 0.05))
    (fp_line (start -3.25 -1.05) (end -3.25 1.05) (layer F.CrtYd) (width 0.05))
    (fp_line (start 3.25 1.05) (end 3.25 -1.05) (layer F.CrtYd) (width 0.05))
    (fp_line (start 3.25 1.05) (end -3.25 1.05) (layer F.CrtYd) (width 0.05))
    (pad 1 smd rect (at -2 0 90) (size 2 1.6) (layers F.Cu F.Paste F.Mask)
      (net 4 /+3.3V))
    (pad 2 smd rect (at 2 0 90) (size 2 1.6) (layers F.Cu F.Paste F.Mask)
      (net 2 /GND))
    (model Capacitors_SMD.3dshapes/C_1206.wrl
      (at (xyz 0 0 0))
      (scale (xyz 1 1 1))
      (rotate (xyz 0 0 0))
    )
  )

  (module Capacitors_SMD:C_1206_HandSoldering (layer B.Cu) (tedit 5A7F0BFA) (tstamp 5A7F057C)
    (at 134.03 108.81 90)
    (descr "Capacitor SMD 1206, hand soldering")
    (tags "capacitor 1206")
    (path /59FB9052/59FB9363)
    (attr smd)
    (fp_text reference C501 (at -5.08 0 90) (layer B.SilkS)
      (effects (font (size 1 1) (thickness 0.15)) (justify mirror))
    )
    (fp_text value 10µF (at 0 -2 90) (layer B.Fab) hide
      (effects (font (size 1 1) (thickness 0.15)) (justify mirror))
    )
    (fp_text user %R (at 0 1.75 90) (layer B.Fab) hide
      (effects (font (size 1 1) (thickness 0.15)) (justify mirror))
    )
    (fp_line (start -1.6 -0.8) (end -1.6 0.8) (layer B.Fab) (width 0.1))
    (fp_line (start 1.6 -0.8) (end -1.6 -0.8) (layer B.Fab) (width 0.1))
    (fp_line (start 1.6 0.8) (end 1.6 -0.8) (layer B.Fab) (width 0.1))
    (fp_line (start -1.6 0.8) (end 1.6 0.8) (layer B.Fab) (width 0.1))
    (fp_line (start 1 1.02) (end -1 1.02) (layer B.SilkS) (width 0.12))
    (fp_line (start -1 -1.02) (end 1 -1.02) (layer B.SilkS) (width 0.12))
    (fp_line (start -3.25 1.05) (end 3.25 1.05) (layer B.CrtYd) (width 0.05))
    (fp_line (start -3.25 1.05) (end -3.25 -1.05) (layer B.CrtYd) (width 0.05))
    (fp_line (start 3.25 -1.05) (end 3.25 1.05) (layer B.CrtYd) (width 0.05))
    (fp_line (start 3.25 -1.05) (end -3.25 -1.05) (layer B.CrtYd) (width 0.05))
    (pad 1 smd rect (at -2 0 90) (size 2 1.6) (layers B.Cu B.Paste B.Mask)
      (net 5 /+15V))
    (pad 2 smd rect (at 2 0 90) (size 2 1.6) (layers B.Cu B.Paste B.Mask)
      (net 2 /GND))
    (model Capacitors_SMD.3dshapes/C_1206.wrl
      (at (xyz 0 0 0))
      (scale (xyz 1 1 1))
      (rotate (xyz 0 0 0))
    )
  )

  (module Capacitors_SMD:C_1206_HandSoldering (layer B.Cu) (tedit 5A7F0BFD) (tstamp 5A7F058D)
    (at 131.49 108.81 90)
    (descr "Capacitor SMD 1206, hand soldering")
    (tags "capacitor 1206")
    (path /59FB9052/59FB935D)
    (attr smd)
    (fp_text reference C502 (at -5.08 0 90) (layer B.SilkS)
      (effects (font (size 1 1) (thickness 0.15)) (justify mirror))
    )
    (fp_text value 100nF (at 0 -2 90) (layer B.Fab) hide
      (effects (font (size 1 1) (thickness 0.15)) (justify mirror))
    )
    (fp_text user %R (at 0 1.75 90) (layer B.Fab) hide
      (effects (font (size 1 1) (thickness 0.15)) (justify mirror))
    )
    (fp_line (start -1.6 -0.8) (end -1.6 0.8) (layer B.Fab) (width 0.1))
    (fp_line (start 1.6 -0.8) (end -1.6 -0.8) (layer B.Fab) (width 0.1))
    (fp_line (start 1.6 0.8) (end 1.6 -0.8) (layer B.Fab) (width 0.1))
    (fp_line (start -1.6 0.8) (end 1.6 0.8) (layer B.Fab) (width 0.1))
    (fp_line (start 1 1.02) (end -1 1.02) (layer B.SilkS) (width 0.12))
    (fp_line (start -1 -1.02) (end 1 -1.02) (layer B.SilkS) (width 0.12))
    (fp_line (start -3.25 1.05) (end 3.25 1.05) (layer B.CrtYd) (width 0.05))
    (fp_line (start -3.25 1.05) (end -3.25 -1.05) (layer B.CrtYd) (width 0.05))
    (fp_line (start 3.25 -1.05) (end 3.25 1.05) (layer B.CrtYd) (width 0.05))
    (fp_line (start 3.25 -1.05) (end -3.25 -1.05) (layer B.CrtYd) (width 0.05))
    (pad 1 smd rect (at -2 0 90) (size 2 1.6) (layers B.Cu B.Paste B.Mask)
      (net 5 /+15V))
    (pad 2 smd rect (at 2 0 90) (size 2 1.6) (layers B.Cu B.Paste B.Mask)
      (net 2 /GND))
    (model Capacitors_SMD.3dshapes/C_1206.wrl
      (at (xyz 0 0 0))
      (scale (xyz 1 1 1))
      (rotate (xyz 0 0 0))
    )
  )

  (module Capacitors_SMD:C_1206_HandSoldering (layer B.Cu) (tedit 5A7F0BFF) (tstamp 5A7F059E)
    (at 128.95 108.81 90)
    (descr "Capacitor SMD 1206, hand soldering")
    (tags "capacitor 1206")
    (path /59FB9052/55E968B0)
    (attr smd)
    (fp_text reference C503 (at -5.08 0 90) (layer B.SilkS)
      (effects (font (size 1 1) (thickness 0.15)) (justify mirror))
    )
    (fp_text value 10µF (at 0 -2 90) (layer B.Fab) hide
      (effects (font (size 1 1) (thickness 0.15)) (justify mirror))
    )
    (fp_text user %R (at 0 1.75 90) (layer B.Fab) hide
      (effects (font (size 1 1) (thickness 0.15)) (justify mirror))
    )
    (fp_line (start -1.6 -0.8) (end -1.6 0.8) (layer B.Fab) (width 0.1))
    (fp_line (start 1.6 -0.8) (end -1.6 -0.8) (layer B.Fab) (width 0.1))
    (fp_line (start 1.6 0.8) (end 1.6 -0.8) (layer B.Fab) (width 0.1))
    (fp_line (start -1.6 0.8) (end 1.6 0.8) (layer B.Fab) (width 0.1))
    (fp_line (start 1 1.02) (end -1 1.02) (layer B.SilkS) (width 0.12))
    (fp_line (start -1 -1.02) (end 1 -1.02) (layer B.SilkS) (width 0.12))
    (fp_line (start -3.25 1.05) (end 3.25 1.05) (layer B.CrtYd) (width 0.05))
    (fp_line (start -3.25 1.05) (end -3.25 -1.05) (layer B.CrtYd) (width 0.05))
    (fp_line (start 3.25 -1.05) (end 3.25 1.05) (layer B.CrtYd) (width 0.05))
    (fp_line (start 3.25 -1.05) (end -3.25 -1.05) (layer B.CrtYd) (width 0.05))
    (pad 1 smd rect (at -2 0 90) (size 2 1.6) (layers B.Cu B.Paste B.Mask)
      (net 5 /+15V))
    (pad 2 smd rect (at 2 0 90) (size 2 1.6) (layers B.Cu B.Paste B.Mask)
      (net 2 /GND))
    (model Capacitors_SMD.3dshapes/C_1206.wrl
      (at (xyz 0 0 0))
      (scale (xyz 1 1 1))
      (rotate (xyz 0 0 0))
    )
  )

  (module Capacitors_SMD:C_1206_HandSoldering (layer B.Cu) (tedit 5A7F0C01) (tstamp 5A7F05AF)
    (at 126.41 108.81 90)
    (descr "Capacitor SMD 1206, hand soldering")
    (tags "capacitor 1206")
    (path /59FB9052/55E9687D)
    (attr smd)
    (fp_text reference C504 (at -5.08 0 90) (layer B.SilkS)
      (effects (font (size 1 1) (thickness 0.15)) (justify mirror))
    )
    (fp_text value 100nF (at 0 -2 90) (layer B.Fab) hide
      (effects (font (size 1 1) (thickness 0.15)) (justify mirror))
    )
    (fp_text user %R (at 0 1.75 90) (layer B.Fab) hide
      (effects (font (size 1 1) (thickness 0.15)) (justify mirror))
    )
    (fp_line (start -1.6 -0.8) (end -1.6 0.8) (layer B.Fab) (width 0.1))
    (fp_line (start 1.6 -0.8) (end -1.6 -0.8) (layer B.Fab) (width 0.1))
    (fp_line (start 1.6 0.8) (end 1.6 -0.8) (layer B.Fab) (width 0.1))
    (fp_line (start -1.6 0.8) (end 1.6 0.8) (layer B.Fab) (width 0.1))
    (fp_line (start 1 1.02) (end -1 1.02) (layer B.SilkS) (width 0.12))
    (fp_line (start -1 -1.02) (end 1 -1.02) (layer B.SilkS) (width 0.12))
    (fp_line (start -3.25 1.05) (end 3.25 1.05) (layer B.CrtYd) (width 0.05))
    (fp_line (start -3.25 1.05) (end -3.25 -1.05) (layer B.CrtYd) (width 0.05))
    (fp_line (start 3.25 -1.05) (end 3.25 1.05) (layer B.CrtYd) (width 0.05))
    (fp_line (start 3.25 -1.05) (end -3.25 -1.05) (layer B.CrtYd) (width 0.05))
    (pad 1 smd rect (at -2 0 90) (size 2 1.6) (layers B.Cu B.Paste B.Mask)
      (net 5 /+15V))
    (pad 2 smd rect (at 2 0 90) (size 2 1.6) (layers B.Cu B.Paste B.Mask)
      (net 2 /GND))
    (model Capacitors_SMD.3dshapes/C_1206.wrl
      (at (xyz 0 0 0))
      (scale (xyz 1 1 1))
      (rotate (xyz 0 0 0))
    )
  )

  (module Capacitors_SMD:C_1206_HandSoldering (layer B.Cu) (tedit 5A7F32E6) (tstamp 5A7F05C0)
    (at 149.27 121.51 180)
    (descr "Capacitor SMD 1206, hand soldering")
    (tags "capacitor 1206")
    (path /59FB8F5F/55E71CEC)
    (attr smd)
    (fp_text reference C601 (at 0 1.75 180) (layer B.SilkS)
      (effects (font (size 1 1) (thickness 0.15)) (justify mirror))
    )
    (fp_text value 100nF (at 0 -2 180) (layer B.Fab) hide
      (effects (font (size 1 1) (thickness 0.15)) (justify mirror))
    )
    (fp_text user %R (at 0 1.75 180) (layer B.Fab) hide
      (effects (font (size 1 1) (thickness 0.15)) (justify mirror))
    )
    (fp_line (start -1.6 -0.8) (end -1.6 0.8) (layer B.Fab) (width 0.1))
    (fp_line (start 1.6 -0.8) (end -1.6 -0.8) (layer B.Fab) (width 0.1))
    (fp_line (start 1.6 0.8) (end 1.6 -0.8) (layer B.Fab) (width 0.1))
    (fp_line (start -1.6 0.8) (end 1.6 0.8) (layer B.Fab) (width 0.1))
    (fp_line (start 1 1.02) (end -1 1.02) (layer B.SilkS) (width 0.12))
    (fp_line (start -1 -1.02) (end 1 -1.02) (layer B.SilkS) (width 0.12))
    (fp_line (start -3.25 1.05) (end 3.25 1.05) (layer B.CrtYd) (width 0.05))
    (fp_line (start -3.25 1.05) (end -3.25 -1.05) (layer B.CrtYd) (width 0.05))
    (fp_line (start 3.25 -1.05) (end 3.25 1.05) (layer B.CrtYd) (width 0.05))
    (fp_line (start 3.25 -1.05) (end -3.25 -1.05) (layer B.CrtYd) (width 0.05))
    (pad 1 smd rect (at -2 0 180) (size 2 1.6) (layers B.Cu B.Paste B.Mask)
      (net 3 /+5V))
    (pad 2 smd rect (at 2 0 180) (size 2 1.6) (layers B.Cu B.Paste B.Mask)
      (net 2 /GND))
    (model Capacitors_SMD.3dshapes/C_1206.wrl
      (at (xyz 0 0 0))
      (scale (xyz 1 1 1))
      (rotate (xyz 0 0 0))
    )
  )

  (module Capacitors_SMD:C_1206_HandSoldering (layer B.Cu) (tedit 5A7F32FA) (tstamp 5A7F05D1)
    (at 136.57 121.51 180)
    (descr "Capacitor SMD 1206, hand soldering")
    (tags "capacitor 1206")
    (path /59FF91FA/55E71CEC)
    (attr smd)
    (fp_text reference C701 (at 0 1.75 180) (layer B.SilkS)
      (effects (font (size 1 1) (thickness 0.15)) (justify mirror))
    )
    (fp_text value 100nF (at 0 -2 180) (layer B.Fab) hide
      (effects (font (size 1 1) (thickness 0.15)) (justify mirror))
    )
    (fp_text user %R (at 0 1.75 180) (layer B.Fab) hide
      (effects (font (size 1 1) (thickness 0.15)) (justify mirror))
    )
    (fp_line (start -1.6 -0.8) (end -1.6 0.8) (layer B.Fab) (width 0.1))
    (fp_line (start 1.6 -0.8) (end -1.6 -0.8) (layer B.Fab) (width 0.1))
    (fp_line (start 1.6 0.8) (end 1.6 -0.8) (layer B.Fab) (width 0.1))
    (fp_line (start -1.6 0.8) (end 1.6 0.8) (layer B.Fab) (width 0.1))
    (fp_line (start 1 1.02) (end -1 1.02) (layer B.SilkS) (width 0.12))
    (fp_line (start -1 -1.02) (end 1 -1.02) (layer B.SilkS) (width 0.12))
    (fp_line (start -3.25 1.05) (end 3.25 1.05) (layer B.CrtYd) (width 0.05))
    (fp_line (start -3.25 1.05) (end -3.25 -1.05) (layer B.CrtYd) (width 0.05))
    (fp_line (start 3.25 -1.05) (end 3.25 1.05) (layer B.CrtYd) (width 0.05))
    (fp_line (start 3.25 -1.05) (end -3.25 -1.05) (layer B.CrtYd) (width 0.05))
    (pad 1 smd rect (at -2 0 180) (size 2 1.6) (layers B.Cu B.Paste B.Mask)
      (net 3 /+5V))
    (pad 2 smd rect (at 2 0 180) (size 2 1.6) (layers B.Cu B.Paste B.Mask)
      (net 2 /GND))
    (model Capacitors_SMD.3dshapes/C_1206.wrl
      (at (xyz 0 0 0))
      (scale (xyz 1 1 1))
      (rotate (xyz 0 0 0))
    )
  )

  (module Capacitors_SMD:C_1206_HandSoldering (layer B.Cu) (tedit 5A80C92F) (tstamp 5A7F05E2)
    (at 182.29 136.75 180)
    (descr "Capacitor SMD 1206, hand soldering")
    (tags "capacitor 1206")
    (path /59FB8CCA/55E7C068)
    (attr smd)
    (fp_text reference C801 (at 0 1.27 180) (layer B.SilkS)
      (effects (font (size 1 1) (thickness 0.15)) (justify mirror))
    )
    (fp_text value 10µF (at 0 -2 180) (layer B.Fab) hide
      (effects (font (size 1 1) (thickness 0.15)) (justify mirror))
    )
    (fp_text user %R (at 0 1.75 180) (layer B.Fab) hide
      (effects (font (size 1 1) (thickness 0.15)) (justify mirror))
    )
    (fp_line (start -1.6 -0.8) (end -1.6 0.8) (layer B.Fab) (width 0.1))
    (fp_line (start 1.6 -0.8) (end -1.6 -0.8) (layer B.Fab) (width 0.1))
    (fp_line (start 1.6 0.8) (end 1.6 -0.8) (layer B.Fab) (width 0.1))
    (fp_line (start -1.6 0.8) (end 1.6 0.8) (layer B.Fab) (width 0.1))
    (fp_line (start 1 1.02) (end -1 1.02) (layer B.SilkS) (width 0.12))
    (fp_line (start -1 -1.02) (end 1 -1.02) (layer B.SilkS) (width 0.12))
    (fp_line (start -3.25 1.05) (end 3.25 1.05) (layer B.CrtYd) (width 0.05))
    (fp_line (start -3.25 1.05) (end -3.25 -1.05) (layer B.CrtYd) (width 0.05))
    (fp_line (start 3.25 -1.05) (end 3.25 1.05) (layer B.CrtYd) (width 0.05))
    (fp_line (start 3.25 -1.05) (end -3.25 -1.05) (layer B.CrtYd) (width 0.05))
    (pad 1 smd rect (at -2 0 180) (size 2 1.6) (layers B.Cu B.Paste B.Mask)
      (net 2 /GND))
    (pad 2 smd rect (at 2 0 180) (size 2 1.6) (layers B.Cu B.Paste B.Mask)
      (net 3 /+5V))
    (model Capacitors_SMD.3dshapes/C_1206.wrl
      (at (xyz 0 0 0))
      (scale (xyz 1 1 1))
      (rotate (xyz 0 0 0))
    )
  )

  (module Capacitors_SMD:C_1206_HandSoldering (layer B.Cu) (tedit 5A80D042) (tstamp 5A7F05F3)
    (at 185.465 133.575 180)
    (descr "Capacitor SMD 1206, hand soldering")
    (tags "capacitor 1206")
    (path /59FB8CCA/5602AA98)
    (attr smd)
    (fp_text reference C802 (at -1.27 -1.27 180) (layer B.SilkS)
      (effects (font (size 1 1) (thickness 0.15)) (justify mirror))
    )
    (fp_text value 100nF (at 0 -2 180) (layer B.Fab) hide
      (effects (font (size 1 1) (thickness 0.15)) (justify mirror))
    )
    (fp_text user %R (at 0 1.75 180) (layer B.Fab) hide
      (effects (font (size 1 1) (thickness 0.15)) (justify mirror))
    )
    (fp_line (start -1.6 -0.8) (end -1.6 0.8) (layer B.Fab) (width 0.1))
    (fp_line (start 1.6 -0.8) (end -1.6 -0.8) (layer B.Fab) (width 0.1))
    (fp_line (start 1.6 0.8) (end 1.6 -0.8) (layer B.Fab) (width 0.1))
    (fp_line (start -1.6 0.8) (end 1.6 0.8) (layer B.Fab) (width 0.1))
    (fp_line (start 1 1.02) (end -1 1.02) (layer B.SilkS) (width 0.12))
    (fp_line (start -1 -1.02) (end 1 -1.02) (layer B.SilkS) (width 0.12))
    (fp_line (start -3.25 1.05) (end 3.25 1.05) (layer B.CrtYd) (width 0.05))
    (fp_line (start -3.25 1.05) (end -3.25 -1.05) (layer B.CrtYd) (width 0.05))
    (fp_line (start 3.25 -1.05) (end 3.25 1.05) (layer B.CrtYd) (width 0.05))
    (fp_line (start 3.25 -1.05) (end -3.25 -1.05) (layer B.CrtYd) (width 0.05))
    (pad 1 smd rect (at -2 0 180) (size 2 1.6) (layers B.Cu B.Paste B.Mask)
      (net 2 /GND))
    (pad 2 smd rect (at 2 0 180) (size 2 1.6) (layers B.Cu B.Paste B.Mask)
      (net 6 /GP2_1_Signal))
    (model Capacitors_SMD.3dshapes/C_1206.wrl
      (at (xyz 0 0 0))
      (scale (xyz 1 1 1))
      (rotate (xyz 0 0 0))
    )
  )

  (module Capacitors_SMD:C_1206_HandSoldering (layer B.Cu) (tedit 5A80D050) (tstamp 5A7F0604)
    (at 172.13 136.75 180)
    (descr "Capacitor SMD 1206, hand soldering")
    (tags "capacitor 1206")
    (path /59FF5446/55E7C068)
    (attr smd)
    (fp_text reference C901 (at 0 1.27 180) (layer B.SilkS)
      (effects (font (size 1 1) (thickness 0.15)) (justify mirror))
    )
    (fp_text value 10µF (at 0 -2 180) (layer B.Fab) hide
      (effects (font (size 1 1) (thickness 0.15)) (justify mirror))
    )
    (fp_text user %R (at 0 1.75 180) (layer B.Fab) hide
      (effects (font (size 1 1) (thickness 0.15)) (justify mirror))
    )
    (fp_line (start -1.6 -0.8) (end -1.6 0.8) (layer B.Fab) (width 0.1))
    (fp_line (start 1.6 -0.8) (end -1.6 -0.8) (layer B.Fab) (width 0.1))
    (fp_line (start 1.6 0.8) (end 1.6 -0.8) (layer B.Fab) (width 0.1))
    (fp_line (start -1.6 0.8) (end 1.6 0.8) (layer B.Fab) (width 0.1))
    (fp_line (start 1 1.02) (end -1 1.02) (layer B.SilkS) (width 0.12))
    (fp_line (start -1 -1.02) (end 1 -1.02) (layer B.SilkS) (width 0.12))
    (fp_line (start -3.25 1.05) (end 3.25 1.05) (layer B.CrtYd) (width 0.05))
    (fp_line (start -3.25 1.05) (end -3.25 -1.05) (layer B.CrtYd) (width 0.05))
    (fp_line (start 3.25 -1.05) (end 3.25 1.05) (layer B.CrtYd) (width 0.05))
    (fp_line (start 3.25 -1.05) (end -3.25 -1.05) (layer B.CrtYd) (width 0.05))
    (pad 1 smd rect (at -2 0 180) (size 2 1.6) (layers B.Cu B.Paste B.Mask)
      (net 2 /GND))
    (pad 2 smd rect (at 2 0 180) (size 2 1.6) (layers B.Cu B.Paste B.Mask)
      (net 3 /+5V))
    (model Capacitors_SMD.3dshapes/C_1206.wrl
      (at (xyz 0 0 0))
      (scale (xyz 1 1 1))
      (rotate (xyz 0 0 0))
    )
  )

  (module Capacitors_SMD:C_1206_HandSoldering (layer B.Cu) (tedit 5A80CFC1) (tstamp 5A7F0615)
    (at 175.305 133.575 180)
    (descr "Capacitor SMD 1206, hand soldering")
    (tags "capacitor 1206")
    (path /59FF5446/5602AA98)
    (attr smd)
    (fp_text reference C902 (at -1.5875 -1.5875 180) (layer B.SilkS)
      (effects (font (size 1 1) (thickness 0.15)) (justify mirror))
    )
    (fp_text value 100nF (at 0 -2 180) (layer B.Fab) hide
      (effects (font (size 1 1) (thickness 0.15)) (justify mirror))
    )
    (fp_text user %R (at 0 1.75 180) (layer B.Fab) hide
      (effects (font (size 1 1) (thickness 0.15)) (justify mirror))
    )
    (fp_line (start -1.6 -0.8) (end -1.6 0.8) (layer B.Fab) (width 0.1))
    (fp_line (start 1.6 -0.8) (end -1.6 -0.8) (layer B.Fab) (width 0.1))
    (fp_line (start 1.6 0.8) (end 1.6 -0.8) (layer B.Fab) (width 0.1))
    (fp_line (start -1.6 0.8) (end 1.6 0.8) (layer B.Fab) (width 0.1))
    (fp_line (start 1 1.02) (end -1 1.02) (layer B.SilkS) (width 0.12))
    (fp_line (start -1 -1.02) (end 1 -1.02) (layer B.SilkS) (width 0.12))
    (fp_line (start -3.25 1.05) (end 3.25 1.05) (layer B.CrtYd) (width 0.05))
    (fp_line (start -3.25 1.05) (end -3.25 -1.05) (layer B.CrtYd) (width 0.05))
    (fp_line (start 3.25 -1.05) (end 3.25 1.05) (layer B.CrtYd) (width 0.05))
    (fp_line (start 3.25 -1.05) (end -3.25 -1.05) (layer B.CrtYd) (width 0.05))
    (pad 1 smd rect (at -2 0 180) (size 2 1.6) (layers B.Cu B.Paste B.Mask)
      (net 2 /GND))
    (pad 2 smd rect (at 2 0 180) (size 2 1.6) (layers B.Cu B.Paste B.Mask)
      (net 7 /GP2_2_Signal))
    (model Capacitors_SMD.3dshapes/C_1206.wrl
      (at (xyz 0 0 0))
      (scale (xyz 1 1 1))
      (rotate (xyz 0 0 0))
    )
  )

  (module Capacitors_SMD:C_1206_HandSoldering (layer B.Cu) (tedit 5A80C94B) (tstamp 5A7F0626)
    (at 161.97 136.75 180)
    (descr "Capacitor SMD 1206, hand soldering")
    (tags "capacitor 1206")
    (path /59FF5905/55E7C068)
    (attr smd)
    (fp_text reference C1001 (at 0 1.27 180) (layer B.SilkS)
      (effects (font (size 1 1) (thickness 0.15)) (justify mirror))
    )
    (fp_text value 10µF (at 0 -2 180) (layer B.Fab) hide
      (effects (font (size 1 1) (thickness 0.15)) (justify mirror))
    )
    (fp_text user %R (at 0 1.75 180) (layer B.Fab) hide
      (effects (font (size 1 1) (thickness 0.15)) (justify mirror))
    )
    (fp_line (start -1.6 -0.8) (end -1.6 0.8) (layer B.Fab) (width 0.1))
    (fp_line (start 1.6 -0.8) (end -1.6 -0.8) (layer B.Fab) (width 0.1))
    (fp_line (start 1.6 0.8) (end 1.6 -0.8) (layer B.Fab) (width 0.1))
    (fp_line (start -1.6 0.8) (end 1.6 0.8) (layer B.Fab) (width 0.1))
    (fp_line (start 1 1.02) (end -1 1.02) (layer B.SilkS) (width 0.12))
    (fp_line (start -1 -1.02) (end 1 -1.02) (layer B.SilkS) (width 0.12))
    (fp_line (start -3.25 1.05) (end 3.25 1.05) (layer B.CrtYd) (width 0.05))
    (fp_line (start -3.25 1.05) (end -3.25 -1.05) (layer B.CrtYd) (width 0.05))
    (fp_line (start 3.25 -1.05) (end 3.25 1.05) (layer B.CrtYd) (width 0.05))
    (fp_line (start 3.25 -1.05) (end -3.25 -1.05) (layer B.CrtYd) (width 0.05))
    (pad 1 smd rect (at -2 0 180) (size 2 1.6) (layers B.Cu B.Paste B.Mask)
      (net 2 /GND))
    (pad 2 smd rect (at 2 0 180) (size 2 1.6) (layers B.Cu B.Paste B.Mask)
      (net 3 /+5V))
    (model Capacitors_SMD.3dshapes/C_1206.wrl
      (at (xyz 0 0 0))
      (scale (xyz 1 1 1))
      (rotate (xyz 0 0 0))
    )
  )

  (module Capacitors_SMD:C_1206_HandSoldering (layer B.Cu) (tedit 5A81EB8B) (tstamp 5A7F0637)
    (at 165.145 133.575 180)
    (descr "Capacitor SMD 1206, hand soldering")
    (tags "capacitor 1206")
    (path /59FF5905/5602AA98)
    (attr smd)
    (fp_text reference C1002 (at -1.27 -1.27 180) (layer B.SilkS)
      (effects (font (size 1 1) (thickness 0.15)) (justify mirror))
    )
    (fp_text value 100nF (at 0 -2 180) (layer B.Fab) hide
      (effects (font (size 1 1) (thickness 0.15)) (justify mirror))
    )
    (fp_text user %R (at 0 1.75 180) (layer B.Fab) hide
      (effects (font (size 1 1) (thickness 0.15)) (justify mirror))
    )
    (fp_line (start -1.6 -0.8) (end -1.6 0.8) (layer B.Fab) (width 0.1))
    (fp_line (start 1.6 -0.8) (end -1.6 -0.8) (layer B.Fab) (width 0.1))
    (fp_line (start 1.6 0.8) (end 1.6 -0.8) (layer B.Fab) (width 0.1))
    (fp_line (start -1.6 0.8) (end 1.6 0.8) (layer B.Fab) (width 0.1))
    (fp_line (start 1 1.02) (end -1 1.02) (layer B.SilkS) (width 0.12))
    (fp_line (start -1 -1.02) (end 1 -1.02) (layer B.SilkS) (width 0.12))
    (fp_line (start -3.25 1.05) (end 3.25 1.05) (layer B.CrtYd) (width 0.05))
    (fp_line (start -3.25 1.05) (end -3.25 -1.05) (layer B.CrtYd) (width 0.05))
    (fp_line (start 3.25 -1.05) (end 3.25 1.05) (layer B.CrtYd) (width 0.05))
    (fp_line (start 3.25 -1.05) (end -3.25 -1.05) (layer B.CrtYd) (width 0.05))
    (pad 1 smd rect (at -2 0 180) (size 2 1.6) (layers B.Cu B.Paste B.Mask)
      (net 2 /GND))
    (pad 2 smd rect (at 2 0 180) (size 2 1.6) (layers B.Cu B.Paste B.Mask)
      (net 8 /GP2_3_Signal))
    (model Capacitors_SMD.3dshapes/C_1206.wrl
      (at (xyz 0 0 0))
      (scale (xyz 1 1 1))
      (rotate (xyz 0 0 0))
    )
  )

  (module Capacitors_SMD:C_1206_HandSoldering (layer B.Cu) (tedit 5A80C95C) (tstamp 5A7F0648)
    (at 151.81 136.75 180)
    (descr "Capacitor SMD 1206, hand soldering")
    (tags "capacitor 1206")
    (path /59FF590A/55E7C068)
    (attr smd)
    (fp_text reference C1101 (at 0 1.27 180) (layer B.SilkS)
      (effects (font (size 1 1) (thickness 0.15)) (justify mirror))
    )
    (fp_text value 10µF (at 0 -2 180) (layer B.Fab) hide
      (effects (font (size 1 1) (thickness 0.15)) (justify mirror))
    )
    (fp_text user %R (at 0 1.75 180) (layer B.Fab) hide
      (effects (font (size 1 1) (thickness 0.15)) (justify mirror))
    )
    (fp_line (start -1.6 -0.8) (end -1.6 0.8) (layer B.Fab) (width 0.1))
    (fp_line (start 1.6 -0.8) (end -1.6 -0.8) (layer B.Fab) (width 0.1))
    (fp_line (start 1.6 0.8) (end 1.6 -0.8) (layer B.Fab) (width 0.1))
    (fp_line (start -1.6 0.8) (end 1.6 0.8) (layer B.Fab) (width 0.1))
    (fp_line (start 1 1.02) (end -1 1.02) (layer B.SilkS) (width 0.12))
    (fp_line (start -1 -1.02) (end 1 -1.02) (layer B.SilkS) (width 0.12))
    (fp_line (start -3.25 1.05) (end 3.25 1.05) (layer B.CrtYd) (width 0.05))
